Some((
    red: 0.3372549,
    green: 0.6235295,
    blue: 0.8,
))