Some((
    red: 0.08235294,
    green: 0.10980393,
    blue: 0.13725491,
    alpha: 1.0,
))