Some((
    red: 0.58431375,
    green: 0.53333336,
    blue: 0.19215685,
))