Some((
    red: 0.24705882,
    green: 0.27450982,
    blue: 0.21960784,
    alpha: 1.0,
))